0.0000360134274877	0.00134
0.0000378158571404	0.00268
0.0000431004727173	0.00402
0.0000596314110827	0.00536
0.0000815214954821	0.0067
0.000084445528121	0.00804
0.0000892701196353	0.00938
0.0000985231645885	0.01072
0.0001079335	0.01206
0.0001081764	0.0134
0.0001083409	0.01474
0.0001085458	0.01608
0.0001108327	0.01742
0.000116038	0.01876
0.0001193558	0.0201
0.0001197952	0.02144
0.0001424706	0.02278
0.0001439319	0.02412
0.0001468296	0.02546
0.0001486935	0.0268
0.0001508191	0.02814
0.0001684274	0.02948
0.000171266	0.03082
0.0001978385	0.03216
0.0001986874	0.0335
0.0002046516	0.03484
0.0002257593	0.03618
0.000237967	0.03752
0.0002550432	0.03886
0.0002669616	0.0402
0.0002681327	0.04154
0.0003033813	0.04288
0.0003126621	0.04422
0.0003230745	0.04556
0.0003308441	0.0469
0.000337904	0.04824
0.0003527985	0.04958
0.0003650548	0.05092
0.000371271	0.05226
0.0003818498	0.0536
0.000438256	0.05494
0.0004467308	0.05628
0.000461425	0.05762
0.0004750889	0.05896
0.0004904821	0.0603
0.000498432	0.06164
0.0005143364	0.06298
0.0005348298	0.06432
0.0005377946	0.06566
0.0005405667	0.067
0.0005521572	0.06834
0.0006291114	0.06968
0.0006542784	0.07102
0.0006585948	0.07236
0.0006843762	0.0737
0.0007011268	0.07504
0.0007037362	0.07638
0.0007146612	0.07772
0.0007178527	0.07906
0.0007324149	0.0804
0.0007400743	0.08174
0.0007498622	0.08308
0.0007556177	0.08442
0.0007799916	0.08576
0.0007802688	0.0871
0.0007834931	0.08844
0.0007944212	0.08978
0.0008298714	0.09112
0.0008619539	0.09246
0.0008676182	0.0938
0.0008739802	0.09514
0.0008778529	0.09648
0.0008815633	0.09782
0.0009159328	0.09916
0.0009200912	0.1005
0.0009284286	0.10184
0.0009292107	0.10318
0.0009653964	0.10452
0.0009761377	0.10586
0.0009833601	0.1072
0.0009852486	0.10854
0.0010060916	0.10988
0.0010200501	0.11122
0.001029956	0.11256
0.0010398625	0.1139
0.0010572083	0.11524
0.0010950581	0.11658
0.0011087816	0.11792
0.0011374713	0.11926
0.0011398907	0.1206
0.0011421142	0.12194
0.0011472963	0.12328
0.0011515594	0.12462
0.0011896312	0.12596
0.0012163614	0.1273
0.0012756371	0.12864
0.001277869	0.12998
0.0012892646	0.13132
0.0012921866	0.13266
0.0013128328	0.134
0.0013240541	0.13534
0.0013468853	0.13668
0.001362167	0.13802
0.0013646354	0.13936
0.001425429	0.1407
0.0014335574	0.14204
0.0014360542	0.14338
0.0014403803	0.14472
0.0014436663	0.14606
0.0014472916	0.1474
0.0014552152	0.14874
0.0014670426	0.15008
0.0014727208	0.15142
0.0014894574	0.15276
0.0014914924	0.1541
0.001492761	0.15544
0.0014940184	0.15678
0.0015012348	0.15812
0.00150866	0.15946
0.0015118258	0.1608
0.0015199842	0.16214
0.0015380235	0.16348
0.001556066	0.16482
0.0015805827	0.16616
0.0015941773	0.1675
0.0016050405	0.16884
0.0016069825	0.17018
0.0016255579	0.17152
0.0016350594	0.17286
0.0016434167	0.1742
0.0016473781	0.17554
0.0016846212	0.17688
0.0017553533	0.17822
0.0017605596	0.17956
0.0017768786	0.1809
0.0017776579	0.18224
0.0017913647	0.18358
0.0017963489	0.18492
0.0018022794	0.18626
0.0018172377	0.1876
0.0018249612	0.18894
0.0018335499	0.19028
0.0018461275	0.19162
0.0018515223	0.19296
0.0018880438	0.1943
0.0018929631	0.19564
0.0019066185	0.19698
0.00190678	0.19832
0.0019153825	0.19966
0.0019431558	0.201
0.0019565223	0.20234
0.0019585812	0.20368
0.0019666496	0.20502
0.0019890933	0.20636
0.0019982714	0.2077
0.0020281315	0.20904
0.0020393478	0.21038
0.002043524	0.21172
0.0020650643	0.21306
0.0020751906	0.2144
0.0020863319	0.21574
0.0020984952	0.21708
0.0021231673	0.21842
0.0021442641	0.21976
0.0021799181	0.2211
0.0021929079	0.22244
0.0021990889	0.22378
0.0022072241	0.22512
0.0022106274	0.22646
0.0022182856	0.2278
0.002235499	0.22914
0.0022549556	0.23048
0.0022562175	0.23182
0.0022626576	0.23316
0.0022732869	0.2345
0.0022746682	0.23584
0.0022788427	0.23718
0.0022956493	0.23852
0.0023034663	0.23986
0.002308537	0.2412
0.0023120919	0.24254
0.002341662	0.24388
0.0023566369	0.24522
0.0023705728	0.24656
0.0023929963	0.2479
0.0023951336	0.24924
0.0023976896	0.25058
0.0024045892	0.25192
0.002409586	0.25326
0.0024448651	0.2546
0.0024490524	0.25594
0.0024641418	0.25728
0.0024675403	0.25862
0.0024840753	0.25996
0.0024890537	0.2613
0.0024892737	0.26264
0.0024911413	0.26398
0.0024985386	0.26532
0.0024991967	0.26666
0.0025330923	0.268
0.0025414014	0.26934
0.0025462845	0.27068
0.0025706187	0.27202
0.0025850944	0.27336
0.0025918189	0.2747
0.002613725	0.27604
0.0026785112	0.27738
0.0026792137	0.27872
0.0027141419	0.28006
0.0027197145	0.2814
0.0027241269	0.28274
0.0027314955	0.28408
0.0027423694	0.28542
0.0027436209	0.28676
0.0027750667	0.2881
0.0027796819	0.28944
0.0028890196	0.29078
0.0028989716	0.29212
0.002903544	0.29346
0.0029788056	0.2948
0.0030436602	0.29614
0.0030496908	0.29748
0.0030521684	0.29882
0.0030674169	0.30016
0.0031050544	0.3015
0.003135803	0.30284
0.0031366604	0.30418
0.0031428689	0.30552
0.0031768696	0.30686
0.003192647	0.3082
0.0032149167	0.30954
0.0032444652	0.31088
0.0032759462	0.31222
0.0033148062	0.31356
0.0033601618	0.3149
0.0033727446	0.31624
0.0033766073	0.31758
0.003423265	0.31892
0.0034560378	0.32026
0.0035477943	0.3216
0.0035559686	0.32294
0.0036023708	0.32428
0.0036079029	0.32562
0.0036109353	0.32696
0.0036320115	0.3283
0.0036554133	0.32964
0.0036723376	0.33098
0.0037005195	0.33232
0.0037099676	0.33366
0.003789905	0.335
0.0038216861	0.33634
0.0039909368	0.33768
0.0040014351	0.33902
0.0041154555	0.34036
0.0041383483	0.3417
0.004165195	0.34304
0.004248519	0.34438
0.0042532127	0.34572
0.0042902948	0.34706
0.0043432945	0.3484
0.0043655397	0.34974
0.0043754218	0.35108
0.0044061848	0.35242
0.0044819813	0.35376
0.0044829389	0.3551
0.0044858837	0.35644
0.0045075094	0.35778
0.0045897402	0.35912
0.0046127655	0.36046
0.0046873134	0.3618
0.0047720308	0.36314
0.004779598	0.36448
0.0048182966	0.36582
0.0048194887	0.36716
0.0048539926	0.3685
0.0048598762	0.36984
0.0048752796	0.37118
0.0048968833	0.37252
0.0049171413	0.37386
0.0049567604	0.3752
0.0050197109	0.37654
0.0051012661	0.37788
0.0051101723	0.37922
0.005111291	0.38056
0.0051221615	0.3819
0.0051234199	0.38324
0.0051938888	0.38458
0.0052179255	0.38592
0.0052558425	0.38726
0.0052649756	0.3886
0.0052863316	0.38994
0.0053037383	0.39128
0.0053859446	0.39262
0.0055774322	0.39396
0.0055814856	0.3953
0.0055947318	0.39664
0.0056348479	0.39798
0.0056434787	0.39932
0.0057099404	0.40066
0.005741952	0.402
0.0057448476	0.40334
0.0058660327	0.40468
0.0059789337	0.40602
0.0060749637	0.40736
0.0061045397	0.4087
0.0061051658	0.41004
0.0061197389	0.41138
0.0062248813	0.41272
0.006321045	0.41406
0.0065008359	0.4154
0.0065022124	0.41674
0.0066050412	0.41808
0.0067628577	0.41942
0.0067848663	0.42076
0.0069480134	0.4221
0.0069574768	0.42344
0.0069851275	0.42478
0.0069946653	0.42612
0.0070689163	0.42746
0.0070864509	0.4288
0.0072636104	0.43014
0.0073552614	0.43148
0.0074046938	0.43282
0.0074663903	0.43416
0.0075590219	0.4355
0.0076760921	0.43684
0.007688869	0.43818
0.0076925997	0.43952
0.0077103856	0.44086
0.0077358907	0.4422
0.0077445715	0.44354
0.0077917171	0.44488
0.0078425904	0.44622
0.0079219932	0.44756
0.0080705638	0.4489
0.0081348869	0.45024
0.0081748521	0.45158
0.008248634	0.45292
0.0082975515	0.45426
0.0084027288	0.4556
0.0084613669	0.45694
0.0085059839	0.45828
0.0086425467	0.45962
0.0087925558	0.46096
0.00886633	0.4623
0.0088941533	0.46364
0.0089902757	0.46498
0.0090130394	0.46632
0.0090580252	0.46766
0.0092177533	0.469
0.0094358295	0.47034
0.0094613856	0.47168
0.0096161908	0.47302
0.0096179631	0.47436
0.0097629328	0.4757
0.0097827288	0.47704
0.0099479887	0.47838
0.0100420741	0.47972
0.010092204	0.48106
0.0101148337	0.4824
0.010292303	0.48374
0.0105303899	0.48508
0.0105827017	0.48642
0.0106099844	0.48776
0.0106360203	0.4891
0.0108247521	0.49044
0.0109559268	0.49178
0.0112036526	0.49312
0.0115601439	0.49446
0.0115776943	0.4958
0.0116413283	0.49714
0.0116994125	0.49848
0.0117308787	0.49982
0.0117309267	0.50116
0.011912596	0.5025
0.0119703638	0.50384
0.0121015279	0.50518
0.0121110752	0.50652
0.0121638703	0.50786
0.0121788515	0.5092
0.0122412941	0.51054
0.012320248	0.51188
0.0124238462	0.51322
0.0124535848	0.51456
0.0124639982	0.5159
0.0126135825	0.51724
0.0126180668	0.51858
0.0126479031	0.51992
0.0129214248	0.52126
0.0129329588	0.5226
0.01302098	0.52394
0.0130366478	0.52528
0.013047371	0.52662
0.013105819	0.52796
0.0132017753	0.5293
0.0132560256	0.53064
0.0133230474	0.53198
0.0134146149	0.53332
0.0134887728	0.53466
0.0135507724	0.536
0.013715318	0.53734
0.0141089367	0.53868
0.0141745623	0.54002
0.01422848	0.54136
0.0142534702	0.5427
0.0142725763	0.54404
0.0142772862	0.54538
0.0143043385	0.54672
0.014526068	0.54806
0.0145430105	0.5494
0.0145983533	0.55074
0.0146010087	0.55208
0.0146362726	0.55342
0.014701128	0.55476
0.014718175	0.5561
0.0147272226	0.55744
0.0148647012	0.55878
0.0149075326	0.56012
0.0149102095	0.56146
0.014941477	0.5628
0.0150058598	0.56414
0.0150112882	0.56548
0.0151122223	0.56682
0.0151738428	0.56816
0.0155023627	0.5695
0.0155028101	0.57084
0.0156783968	0.57218
0.0157276157	0.57352
0.0157414753	0.57486
0.0158085043	0.5762
0.0158493971	0.57754
0.0158654692	0.57888
0.015915079	0.58022
0.0160224181	0.58156
0.016212352	0.5829
0.0162515828	0.58424
0.0165655469	0.58558
0.0165721115	0.58692
0.016798748	0.58826
0.0168963764	0.5896
0.0171096059	0.59094
0.0172241428	0.59228
0.0173696982	0.59362
0.0173747446	0.59496
0.017405605	0.5963
0.0175432174	0.59764
0.0175696092	0.59898
0.0178005565	0.60032
0.0181486056	0.60166
0.018183024	0.603
0.018526256	0.60434
0.0186881221	0.60568
0.01872288	0.60702
0.0188061361	0.60836
0.0192652435	0.6097
0.0192871387	0.61104
0.0193691895	0.61238
0.0194834509	0.61372
0.0195109513	0.61506
0.0196799068	0.6164
0.019693874	0.61774
0.0200563783	0.61908
0.0200785915	0.62042
0.0200793857	0.62176
0.0200846292	0.6231
0.0202669207	0.62444
0.0205448472	0.62578
0.0207565405	0.62712
0.0207997027	0.62846
0.0208174931	0.6298
0.0208476296	0.63114
0.0208656505	0.63248
0.020926005	0.63382
0.0210130621	0.63516
0.021484443	0.6365
0.0214883918	0.63784
0.0214966782	0.63918
0.0216589455	0.64052
0.0216774088	0.64186
0.0217981955	0.6432
0.0218243428	0.64454
0.0219076612	0.64588
0.0219475801	0.64722
0.0219801435	0.64856
0.0220685118	0.6499
0.022167098	0.65124
0.0222112198	0.65258
0.0223001257	0.65392
0.0225552955	0.65526
0.0226833737	0.6566
0.0227717261	0.65794
0.0227806604	0.65928
0.0229224379	0.66062
0.0230676368	0.66196
0.0231932566	0.6633
0.0234133068	0.66464
0.0234332993	0.66598
0.0234603009	0.66732
0.0236681083	0.66866
0.0238493667	0.67
0.0240244451	0.67134
0.0241354282	0.67268
0.0248426589	0.67402
0.0248809589	0.67536
0.0248831466	0.6767
0.0249593439	0.67804
0.0250536887	0.67938
0.0251294157	0.68072
0.0251936338	0.68206
0.0252035542	0.6834
0.0256870429	0.68474
0.0256965048	0.68608
0.0258349098	0.68742
0.0258536181	0.68876
0.0259876483	0.6901
0.0259945273	0.69144
0.026223691	0.69278
0.0263239786	0.69412
0.0268831141	0.69546
0.0272551567	0.6968
0.0273131714	0.69814
0.0276862386	0.69948
0.027948118	0.70082
0.0280233227	0.70216
0.0280585284	0.7035
0.0283782481	0.70484
0.0283786745	0.70618
0.0284935799	0.70752
0.0285038748	0.70886
0.0285182501	0.7102
0.0287658545	0.71154
0.0290830901	0.71288
0.0294919359	0.71422
0.0297767227	0.71556
0.0299226116	0.7169
0.0300427902	0.71824
0.0301050313	0.71958
0.0301102764	0.72092
0.0301445169	0.72226
0.0302108504	0.7236
0.0302709869	0.72494
0.0303508388	0.72628
0.0303665338	0.72762
0.0304311901	0.72896
0.0305401879	0.7303
0.0305460357	0.73164
0.0308466705	0.73298
0.0309098282	0.73432
0.0309347008	0.73566
0.0311736301	0.737
0.0312665143	0.73834
0.031669391	0.73968
0.0320267376	0.74102
0.0320834269	0.74236
0.032102006	0.7437
0.03212906	0.74504
0.0321950606	0.74638
0.0322345043	0.74772
0.0323861177	0.74906
0.0324557306	0.7504
0.0324638839	0.75174
0.0326639767	0.75308
0.0326754448	0.75442
0.0328331616	0.75576
0.0328564626	0.7571
0.0329437754	0.75844
0.0332298482	0.75978
0.0335503004	0.76112
0.0335722715	0.76246
0.0339273155	0.7638
0.0339829286	0.76514
0.0341008904	0.76648
0.0341780074	0.76782
0.0342388929	0.76916
0.0343526878	0.7705
0.034452149	0.77184
0.0346936112	0.77318
0.0349391543	0.77452
0.0351111805	0.77586
0.0352062599	0.7772
0.0352932113	0.77854
0.0353439358	0.77988
0.035374397	0.78122
0.0354656651	0.78256
0.035495231	0.7839
0.0357460654	0.78524
0.0358001004	0.78658
0.0358763826	0.78792
0.0358810993	0.78926
0.0359003741	0.7906
0.0359045241	0.79194
0.0360746916	0.79328
0.0361154066	0.79462
0.0363282121	0.79596
0.0366021778	0.7973
0.0367744429	0.79864
0.0369565556	0.79998
0.0370041944	0.80132
0.0371259771	0.80266
0.0372078918	0.804
0.0372356321	0.80534
0.0372486979	0.80668
0.0373322423	0.80802
0.0378081729	0.80936
0.0381708195	0.8107
0.0383660574	0.81204
0.0386399624	0.81338
0.0388596309	0.81472
0.0391346925	0.81606
0.0396147056	0.8174
0.0396351833	0.81874
0.0397804521	0.82008
0.039807086	0.82142
0.0400199559	0.82276
0.0400601585	0.8241
0.0402148644	0.82544
0.0402702578	0.82678
0.0402817108	0.82812
0.040315116	0.82946
0.0403306415	0.8308
0.0406523897	0.83214
0.0407306287	0.83348
0.0407648155	0.83482
0.0409243377	0.83616
0.0412197809	0.8375
0.0413731716	0.83884
0.0416002291	0.84018
0.041604461	0.84152
0.0418308341	0.84286
0.0420261363	0.8442
0.0420398994	0.84554
0.042271949	0.84688
0.042650678	0.84822
0.0431618876	0.84956
0.0432639754	0.8509
0.0432690115	0.85224
0.0441544718	0.85358
0.044434381	0.85492
0.0449790242	0.85626
0.0457930049	0.8576
0.0467929282	0.85894
0.0470181723	0.86028
0.0479320689	0.86162
0.0479831367	0.86296
0.04811089	0.8643
0.0484113118	0.86564
0.0485849413	0.86698
0.0485947922	0.86832
0.0491990223	0.86966
0.0493262347	0.871
0.0499119448	0.87234
0.0509954907	0.87368
0.0519387932	0.87502
0.0520030179	0.87636
0.0524563982	0.8777
0.0528515574	0.87904
0.0530353433	0.88038
0.0534537688	0.88172
0.053490322	0.88306
0.0537041899	0.8844
0.0537533981	0.88574
0.054049708	0.88708
0.0555558802	0.88842
0.0556452167	0.88976
0.0558244208	0.8911
0.0559424331	0.89244
0.0559854137	0.89378
0.0566255654	0.89512
0.0569521997	0.89646
0.0574907319	0.8978
0.0575721903	0.89914
0.0580303973	0.90048
0.0582991059	0.90182
0.0590115383	0.90316
0.0595143216	0.9045
0.0599256961	0.90584
0.0599750493	0.90718
0.0609336621	0.90852
0.0625942174	0.90986
0.0629644937	0.9112
0.0633711723	0.91254
0.0635591093	0.91388
0.0636565474	0.91522
0.0640274433	0.91656
0.0651571362	0.9179
0.0666127829	0.91924
0.0669513917	0.92058
0.0670328368	0.92192
0.0672812477	0.92326
0.0676665194	0.9246
0.0681808318	0.92594
0.0695525346	0.92728
0.0705500457	0.92862
0.0713016529	0.92996
0.0722068994	0.9313
0.0722588227	0.93264
0.0745416195	0.93398
0.0750386396	0.93532
0.0767980917	0.93666
0.0781288755	0.938
0.0784052705	0.93934
0.0787755334	0.94068
0.0793662932	0.94202
0.0802319058	0.94336
0.080978004	0.9447
0.083180848	0.94604
0.0839027151	0.94738
0.0841197112	0.94872
0.0858592986	0.95006
0.0859793611	0.9514
0.08668228	0.95274
0.0870712764	0.95408
0.0871726974	0.95542
0.0885880135	0.95676
0.0957629807	0.9581
0.0965945576	0.95944
0.0999019044	0.96078
0.1006600345	0.96212
0.1019435708	0.96346
0.1030815405	0.9648
0.1059003281	0.96614
0.1074816646	0.96748
0.1101308925	0.96882
0.1123985048	0.97016
0.1163030362	0.9715
0.1186715836	0.97284
0.1220973772	0.97418
0.1226317971	0.97552
0.1233134134	0.97686
0.123920265	0.9782
0.1253324638	0.97954
0.1253654731	0.98088
0.1257652412	0.98222
0.1262238044	0.98356
0.126415094	0.9849
0.1268529243	0.98624
0.1269603817	0.98758
0.1464244786	0.98892
0.1591129302	0.99026
0.1597128882	0.9916
0.1682308936	0.99294
0.1736370519	0.99428
0.178032903	0.99562
0.1949172649	0.99696
0.197421838	0.9983
0.2230651579	1
