0.023	0.00134
0.024	0.00268
0.026	0.00402
0.027	0.00536
0.028	0.0067
0.03	0.00804
0.031	0.00938
0.032	0.01072
0.034	0.01206
0.035	0.0134
0.035	0.01474
0.035	0.01608
0.037	0.01742
0.041	0.01876
0.043	0.0201
0.044	0.02144
0.048	0.02278
0.049	0.02412
0.051	0.02546
0.052	0.0268
0.053	0.02814
0.061	0.02948
0.062	0.03082
0.063	0.03216
0.063	0.0335
0.068	0.03484
0.072	0.03618
0.072	0.03752
0.075	0.03886
0.077	0.0402
0.077	0.04154
0.077	0.04288
0.081	0.04422
0.081	0.04556
0.083	0.0469
0.084	0.04824
0.084	0.04958
0.084	0.05092
0.086	0.05226
0.089	0.0536
0.1	0.05494
0.102	0.05628
0.109	0.05762
0.111	0.05896
0.113	0.0603
0.122	0.06164
0.123	0.06298
0.123	0.06432
0.125	0.06566
0.128	0.067
0.131	0.06834
0.134	0.06968
0.139	0.07102
0.141	0.07236
0.141	0.0737
0.143	0.07504
0.143	0.07638
0.146	0.07772
0.148	0.07906
0.149	0.0804
0.15	0.08174
0.151	0.08308
0.154	0.08442
0.159	0.08576
0.159	0.0871
0.162	0.08844
0.173	0.08978
0.174	0.09112
0.174	0.09246
0.175	0.0938
0.179	0.09514
0.18	0.09648
0.21	0.09782
0.219	0.09916
0.221	0.1005
0.233	0.10184
0.233	0.10318
0.234	0.10452
0.236	0.10586
0.238	0.1072
0.241	0.10854
0.245	0.10988
0.247	0.11122
0.248	0.11256
0.251	0.1139
0.26	0.11524
0.261	0.11658
0.263	0.11792
0.284	0.11926
0.288	0.1206
0.288	0.12194
0.291	0.12328
0.303	0.12462
0.308	0.12596
0.319	0.1273
0.322	0.12864
0.324	0.12998
0.329	0.13132
0.33	0.13266
0.334	0.134
0.343	0.13534
0.346	0.13668
0.357	0.13802
0.361	0.13936
0.364	0.1407
0.365	0.14204
0.366	0.14338
0.367	0.14472
0.369	0.14606
0.374	0.1474
0.378	0.14874
0.378	0.15008
0.379	0.15142
0.385	0.15276
0.387	0.1541
0.391	0.15544
0.41	0.15678
0.415	0.15812
0.415	0.15946
0.417	0.1608
0.418	0.16214
0.418	0.16348
0.419	0.16482
0.42	0.16616
0.42	0.1675
0.423	0.16884
0.423	0.17018
0.423	0.17152
0.423	0.17286
0.428	0.1742
0.428	0.17554
0.429	0.17688
0.429	0.17822
0.429	0.17956
0.43	0.1809
0.433	0.18224
0.434	0.18358
0.438	0.18492
0.438	0.18626
0.439	0.1876
0.439	0.18894
0.44	0.19028
0.44	0.19162
0.44	0.19296
0.441	0.1943
0.451	0.19564
0.452	0.19698
0.452	0.19832
0.455	0.19966
0.461	0.201
0.467	0.20234
0.481	0.20368
0.482	0.20502
0.484	0.20636
0.508	0.2077
0.515	0.20904
0.517	0.21038
0.518	0.21172
0.536	0.21306
0.539	0.2144
0.539	0.21574
0.546	0.21708
0.548	0.21842
0.56	0.21976
0.562	0.2211
0.567	0.22244
0.567	0.22378
0.578	0.22512
0.581	0.22646
0.591	0.2278
0.595	0.22914
0.595	0.23048
0.612	0.23182
0.612	0.23316
0.621	0.2345
0.625	0.23584
0.629	0.23718
0.637	0.23852
0.65	0.23986
0.665	0.2412
0.667	0.24254
0.669	0.24388
0.674	0.24522
0.677	0.24656
0.678	0.2479
0.687	0.24924
0.692	0.25058
0.696	0.25192
0.699	0.25326
0.721	0.2546
0.723	0.25594
0.732	0.25728
0.732	0.25862
0.744	0.25996
0.751	0.2613
0.753	0.26264
0.756	0.26398
0.772	0.26532
0.78	0.26666
0.793	0.268
0.8	0.26934
0.801	0.27068
0.813	0.27202
0.816	0.27336
0.827	0.2747
0.836	0.27604
0.839	0.27738
0.853	0.27872
0.86	0.28006
0.863	0.2814
0.871	0.28274
0.88	0.28408
0.883	0.28542
0.884	0.28676
0.889	0.2881
0.902	0.28944
0.909	0.29078
0.929	0.29212
0.935	0.29346
0.945	0.2948
0.969	0.29614
0.971	0.29748
0.971	0.29882
0.972	0.30016
0.983	0.3015
0.984	0.30284
0.985	0.30418
0.999	0.30552
0.999	0.30686
1.001	0.3082
1.002	0.30954
1.009	0.31088
1.012	0.31222
1.036	0.31356
1.036	0.3149
1.037	0.31624
1.058	0.31758
1.074	0.31892
1.083	0.32026
1.089	0.3216
1.09	0.32294
1.099	0.32428
1.117	0.32562
1.12	0.32696
1.121	0.3283
1.125	0.32964
1.126	0.33098
1.126	0.33232
1.127	0.33366
1.127	0.335
1.128	0.33634
1.135	0.33768
1.138	0.33902
1.148	0.34036
1.148	0.3417
1.174	0.34304
1.175	0.34438
1.18	0.34572
1.18	0.34706
1.181	0.3484
1.185	0.34974
1.185	0.35108
1.203	0.35242
1.205	0.35376
1.205	0.3551
1.206	0.35644
1.215	0.35778
1.216	0.35912
1.216	0.36046
1.217	0.3618
1.228	0.36314
1.248	0.36448
1.251	0.36582
1.257	0.36716
1.257	0.3685
1.26	0.36984
1.272	0.37118
1.273	0.37252
1.276	0.37386
1.28	0.3752
1.283	0.37654
1.283	0.37788
1.284	0.37922
1.302	0.38056
1.306	0.3819
1.308	0.38324
1.321	0.38458
1.329	0.38592
1.335	0.38726
1.344	0.3886
1.346	0.38994
1.346	0.39128
1.357	0.39262
1.364	0.39396
1.366	0.3953
1.369	0.39664
1.369	0.39798
1.394	0.39932
1.413	0.40066
1.42	0.402
1.428	0.40334
1.43	0.40468
1.435	0.40602
1.45	0.40736
1.466	0.4087
1.468	0.41004
1.474	0.41138
1.48	0.41272
1.491	0.41406
1.501	0.4154
1.502	0.41674
1.505	0.41808
1.509	0.41942
1.509	0.42076
1.514	0.4221
1.515	0.42344
1.515	0.42478
1.519	0.42612
1.527	0.42746
1.532	0.4288
1.542	0.43014
1.542	0.43148
1.547	0.43282
1.553	0.43416
1.554	0.4355
1.558	0.43684
1.559	0.43818
1.566	0.43952
1.568	0.44086
1.601	0.4422
1.605	0.44354
1.617	0.44488
1.622	0.44622
1.631	0.44756
1.636	0.4489
1.652	0.45024
1.653	0.45158
1.663	0.45292
1.672	0.45426
1.674	0.4556
1.678	0.45694
1.708	0.45828
1.71	0.45962
1.713	0.46096
1.721	0.4623
1.721	0.46364
1.729	0.46498
1.737	0.46632
1.751	0.46766
1.758	0.469
1.758	0.47034
1.762	0.47168
1.766	0.47302
1.767	0.47436
1.77	0.4757
1.772	0.47704
1.773	0.47838
1.777	0.47972
1.781	0.48106
1.782	0.4824
1.785	0.48374
1.788	0.48508
1.788	0.48642
1.795	0.48776
1.796	0.4891
1.798	0.49044
1.802	0.49178
1.809	0.49312
1.821	0.49446
1.824	0.4958
1.826	0.49714
1.827	0.49848
1.829	0.49982
1.83	0.50116
1.831	0.5025
1.834	0.50384
1.838	0.50518
1.839	0.50652
1.85	0.50786
1.853	0.5092
1.855	0.51054
1.877	0.51188
1.899	0.51322
1.903	0.51456
1.929	0.5159
1.943	0.51724
1.946	0.51858
1.948	0.51992
1.955	0.52126
1.984	0.5226
1.995	0.52394
2.013	0.52528
2.044	0.52662
2.078	0.52796
2.086	0.5293
2.09	0.53064
2.091	0.53198
2.092	0.53332
2.112	0.53466
2.153	0.536
2.168	0.53734
2.186	0.53868
2.188	0.54002
2.191	0.54136
2.199	0.5427
2.199	0.54404
2.201	0.54538
2.207	0.54672
2.207	0.54806
2.228	0.5494
2.23	0.55074
2.246	0.55208
2.255	0.55342
2.274	0.55476
2.283	0.5561
2.285	0.55744
2.292	0.55878
2.292	0.56012
2.303	0.56146
2.309	0.5628
2.354	0.56414
2.357	0.56548
2.379	0.56682
2.394	0.56816
2.395	0.5695
2.408	0.57084
2.409	0.57218
2.418	0.57352
2.422	0.57486
2.422	0.5762
2.427	0.57754
2.438	0.57888
2.441	0.58022
2.442	0.58156
2.448	0.5829
2.451	0.58424
2.451	0.58558
2.456	0.58692
2.471	0.58826
2.473	0.5896
2.476	0.59094
2.498	0.59228
2.499	0.59362
2.501	0.59496
2.505	0.5963
2.514	0.59764
2.524	0.59898
2.54	0.60032
2.549	0.60166
2.552	0.603
2.565	0.60434
2.579	0.60568
2.581	0.60702
2.583	0.60836
2.586	0.6097
2.598	0.61104
2.62	0.61238
2.625	0.61372
2.626	0.61506
2.633	0.6164
2.649	0.61774
2.652	0.61908
2.653	0.62042
2.658	0.62176
2.661	0.6231
2.661	0.62444
2.662	0.62578
2.665	0.62712
2.675	0.62846
2.689	0.6298
2.691	0.63114
2.717	0.63248
2.74	0.63382
2.769	0.63516
2.786	0.6365
2.793	0.63784
2.802	0.63918
2.804	0.64052
2.809	0.64186
2.81	0.6432
2.826	0.64454
2.832	0.64588
2.863	0.64722
2.87	0.64856
2.877	0.6499
2.881	0.65124
2.882	0.65258
2.886	0.65392
2.914	0.65526
2.915	0.6566
2.919	0.65794
2.92	0.65928
2.924	0.66062
2.924	0.66196
2.931	0.6633
2.945	0.66464
2.946	0.66598
2.947	0.66732
2.948	0.66866
2.952	0.67
2.953	0.67134
2.955	0.67268
2.98	0.67402
2.996	0.67536
2.996	0.6767
3.004	0.67804
3.01	0.67938
3.011	0.68072
3.022	0.68206
3.031	0.6834
3.043	0.68474
3.043	0.68608
3.053	0.68742
3.053	0.68876
3.057	0.6901
3.064	0.69144
3.071	0.69278
3.076	0.69412
3.079	0.69546
3.081	0.6968
3.082	0.69814
3.084	0.69948
3.088	0.70082
3.09	0.70216
3.101	0.7035
3.113	0.70484
3.113	0.70618
3.117	0.70752
3.119	0.70886
3.126	0.7102
3.128	0.71154
3.135	0.71288
3.136	0.71422
3.137	0.71556
3.155	0.7169
3.157	0.71824
3.16	0.71958
3.163	0.72092
3.17	0.72226
3.179	0.7236
3.188	0.72494
3.19	0.72628
3.194	0.72762
3.196	0.72896
3.207	0.7303
3.209	0.73164
3.216	0.73298
3.223	0.73432
3.224	0.73566
3.228	0.737
3.247	0.73834
3.263	0.73968
3.264	0.74102
3.27	0.74236
3.276	0.7437
3.286	0.74504
3.287	0.74638
3.294	0.74772
3.304	0.74906
3.309	0.7504
3.309	0.75174
3.312	0.75308
3.314	0.75442
3.316	0.75576
3.317	0.7571
3.322	0.75844
3.326	0.75978
3.326	0.76112
3.336	0.76246
3.343	0.7638
3.357	0.76514
3.375	0.76648
3.381	0.76782
3.397	0.76916
3.401	0.7705
3.433	0.77184
3.461	0.77318
3.463	0.77452
3.521	0.77586
3.533	0.7772
3.533	0.77854
3.559	0.77988
3.575	0.78122
3.637	0.78256
3.657	0.7839
3.72	0.78524
3.766	0.78658
3.801	0.78792
3.867	0.78926
3.884	0.7906
3.915	0.79194
3.944	0.79328
4.025	0.79462
4.063	0.79596
4.064	0.7973
4.093	0.79864
4.098	0.79998
4.104	0.80132
4.114	0.80266
4.134	0.804
4.147	0.80534
4.173	0.80668
4.179	0.80802
4.187	0.80936
4.208	0.8107
4.265	0.81204
4.28	0.81338
4.302	0.81472
4.319	0.81606
4.326	0.8174
4.337	0.81874
4.358	0.82008
4.379	0.82142
4.419	0.82276
4.427	0.8241
4.444	0.82544
4.466	0.82678
4.622	0.82812
4.64	0.82946
4.712	0.8308
4.748	0.83214
4.754	0.83348
4.886	0.83482
4.952	0.83616
4.96	0.8375
5.011	0.83884
5.069	0.84018
5.089	0.84152
5.104	0.84286
5.115	0.8442
5.886	0.84554
5.929	0.84688
5.984	0.84822
6.215	0.84956
6.564	0.8509
6.664	0.85224
6.694	0.85358
6.74	0.85492
6.775	0.85626
6.799	0.8576
6.832	0.85894
7.013	0.86028
7.183	0.86162
7.192	0.86296
7.205	0.8643
7.381	0.86564
7.814	0.86698
7.911	0.86832
7.934	0.86966
8.271	0.871
8.514	0.87234
8.8	0.87368
8.883	0.87502
8.979	0.87636
8.98	0.8777
9.14	0.87904
9.214	0.88038
9.383	0.88172
9.863	0.88306
10.104	0.8844
10.136	0.88574
10.218	0.88708
10.238	0.88842
10.335	0.88976
10.571	0.8911
10.854	0.89244
11.053	0.89378
11.593	0.89512
11.64	0.89646
11.804	0.8978
12.549	0.89914
12.605	0.90048
12.903	0.90182
13.009	0.90316
13.175	0.9045
13.782	0.90584
14.252	0.90718
14.723	0.90852
15.483	0.90986
15.952	0.9112
16.135	0.91254
16.345	0.91388
16.461	0.91522
16.52	0.91656
17.392	0.9179
17.58	0.91924
18.032	0.92058
18.28	0.92192
18.56	0.92326
18.579	0.9246
18.58	0.92594
18.619	0.92728
18.631	0.92862
18.883	0.92996
18.966	0.9313
19.42	0.93264
19.504	0.93398
19.532	0.93532
19.608	0.93666
19.674	0.938
19.676	0.93934
19.888	0.94068
19.98	0.94202
20.009	0.94336
20.037	0.9447
20.122	0.94604
20.143	0.94738
20.179	0.94872
20.188	0.95006
20.279	0.9514
20.319	0.95274
20.328	0.95408
20.373	0.95542
21.306	0.95676
21.459	0.9581
21.544	0.95944
21.773	0.96078
22.344	0.96212
22.59	0.96346
23.43	0.9648
23.52	0.96614
23.557	0.96748
23.979	0.96882
24.423	0.97016
25.295	0.9715
27.631	0.97284
27.725	0.97418
29.007	0.97552
29.017	0.97686
29.054	0.9782
29.877	0.97954
29.928	0.98088
30.076	0.98222
30.538	0.98356
31.285	0.9849
32.79	0.98624
38.606	0.98758
38.814	0.98892
43.749	0.99026
77.847	0.9916
81.319	0.99294
83.459	0.99428
83.831	0.99562
84.03	0.99696
188.379	0.9983
474.734	1
