1		0.9148058787								0.6492235095
0.8321932874		0.8021757186								0.5412191429
0.301886467		0.7121643279								0.4642920027
0.6433654501		0.8022060317								0.6347501497
0.8737438649		0.8610556194								0.7623516569
0.4935349475		1								1
0.6025308157		0.5675032748								0.4525125894
0.4593421949		0.6452552336								0.6060851498
0.8056688893		0.7330542832								0.7734619854
0.2900432154		0.7090538171								0.7872310455
0.5339382909		0.7166427373								0.8444025777
0.6300299316		0.3661246346								0.4095503046
0.3849272412		0.4131970839								0.5209705251
0		0								0
0.977124324		0.6718118341								0.9697855407
0.3086577361		0.2590248356								0.4493784555
0.2349155963		0.1474198887								0.3427826883
0.3597484711		0.2964369905								0.5942705215
0.4222425408		0.0507341376								0.3034299398
0.4790866981		0.0196725145								0.3074972708
