2.3993274212	0.0207153443
2.1503262049	0.0158831191
2.034114615	0.0062328351
1.8558602937	0.0039468834
1.6745840911	0.0018297026
0.5195661738	0.0032858734
0.3302789999	0.009027552
0.1753731038	0.0009055166
0.0698318697	0.0677745091
0.2054506271	0.0500258863
0.3412935066	0.0116026918
0.5009240303	0.0041647025
0.6722744744	0.0021537895
0.8372397378	0.0211187838
1.0101232908	0.007085215
1.1780307433	0.0072917174
1.3440987175	0.0135855056
1.5447202526	0.0531172131
1.7102862272	0.0352039868
1.7829660936	0.0854167154
1.1168335237	0.0210183771
