0.2830761669	1	0.9654779755	1
0.5115012645	0.9680670974	1	0.7326991099
0.3489795516	0.9218031758	0.9754379943	0.2226052364
0.3764449589	0.8825036518	0.979588858	0.6028783065
0.42150398	0.8438490606	0.9863986554	0.8263565752
0.4171918971	0.5672619548	0.012258534	0.4169314265
0.4577710488	0.5239822793	0	0.4988704582
0.3872615755	0.4836759501	0	0.3392495522
0	0.4433696209	0	0.9517762157
0.7314329666	0.4030632918	0	0.2287254628
0.4721163401	0.3627569626	0	0.4181194704
0.3727797491	0.3224506334	0	0.5355828166
0.4047881354	0.2821443042	0	0.2688219464
0.2475381957	0.2418379751	0	0
0.3690896596	0.2015316459	0	0.9865715031
0.4389310209	0.1612253167	0	0.2820254349
0.4759702718	0.1209189875	0	0.1440143285
0.0705965523	0.0806126584	0	0.5026055964
0.179023349	0.0403063292	0	0.5504243657
1	0	0	0.3374764866
