0.0048076923		0		3.30078125
0		0		0.8203125
0.004950495		0		0
0.144278607		32		80.185546875
0.365		0		0
0.5025125628		0		4.513671875
0.3762376238		0		23.751953125
0.3910891089		0		4.1484375
0.3930348259		296		75.0390625
0.4635761589		32		20.951171875
0.9756097561		0		47.58984375
0.9802955665		0		35.939453125
0.6532663317		40		175.134765625
0.9285714286		0		109.27734375
0.9764150943		0		176.701171875
0.9565217391		0		1.2890625
0.9108910891		0		426.90625
0.6224489796		0		6718.65820312
0.8522167488		544		32540.9375
0.9275362319		0		105774.796875
1		0		25583.9824219
0.9099526066		0		207325.039062
0.7427184466		49816		368886.865234
0.9099526066		98320		10862.8496094
0.1238095238		42464		24.609375
0		0		108.162109375
