5	0.2	1
5	0.4	1
5	0.6	2
5	0.8	3
5	1	3
5	1.2	3
10	0.2	1
10	0.4	1
10	0.6	2
10	0.8	3
10	1	3
10	1.2	4
15	0.2	1
15	0.4	2
15	0.6	2
15	0.8	3
15	1	3
15	1.2	4
20	0.2	1
20	0.4	2
20	0.6	2
20	0.8	3
20	1	3
20	1.2	4
25	0.2	1
25	0.4	2
25	0.6	2
25	0.8	3
25	1	3
25	1.2	4
30	0.2	2
30	0.4	2
30	0.6	3
30	0.8	3
30	1	3
30	1.2	4
35	0.2	2
35	0.4	2
35	0.6	3
35	0.8	3
35	1	3
35	1.2	4
40	0.2	2
40	0.4	2
40	0.6	3
40	0.8	3
40	1	3
40	1.2	4
45	0.2	2
45	0.4	2
45	0.6	3
45	0.8	3
45	1	3
45	1.2	4
50	0.2	2
50	0.4	3
50	0.6	3
50	0.8	3
50	1	4
50	1.2	4
