0		64				1.904296875
0		0				0.685546875
0.0099009901		24				4.125
0		0				0.685546875
0		0				0.99609375
0.004950495		0				0.685546875
0.263681592		0				7.47265625
0.4362745098		0				0.685546875
0.4362745098		0				4.15625
0.3811881188		0				78.431640625
0.4245283019		232				48.51953125
0.6553398058		0				19.904296875
1		64				2.58984375
1		0				0.8203125
0.9753694581		0				0.767578125
0.92039801		0				82.37890625
1		0				0.685546875
1		0				1.904296875
0.9907407407		0				3.599609375
0.4509803922		200				74.228515625
1		0				0.685546875
0.9194312796		2344				0.8203125
0.8415841584		24816				47.947265625
0.8571428571		22584				1.904296875
0.7788944724		23696				16.439453125
0.4876847291		21224				31.1953125
0.0406091371		22016				0.685546875
0.1161616162		22016				10.9453125
0		21064				0.685546875
0.0100502513		15944				76.162109375
0.0085470085		19024				0.685546875
0.005		21488				4.125
0.0099502488		23176				3.990234375
0.004950495		22984				0.8203125
0		22456				0.685546875
0.0049751244		23440				1.904296875
0.01		27192				0.685546875
0.0085470085		20152				1.505859375
0		22456				0
0.0049751244		20256				1.505859375
0		20888				0
0.0149253731		22456				32.169921875
0.9073170732		22808				277792.603515875
0.9857819905		19832				108126.359375
0.6852791878		21136				181843.96875
0.025		21224				88766.9609370001
0.0099009901		23176				1.9042969999
0		23336				0.685547
0.005		21488				74.820312
0.0909090909		20360				176271.058594
0.4684210526		20616				259671.935544
0.4925373134		19904				108415.43164
1		20344				5639.5058599999
0.5175879397		20696				267426.88282
0.5326633166		20096				243655.8789
0.3435897436		19816				16668.1328100001
0.0515463918		19376				8039.0292999998
0.1734693878		19728				36483.3046900001
0.0816326531		18584				135390.80859
0.1134020619		24848				77041.1757799999
0.056122449		19728				60566.5429700001
0.0567010309		21944				67125.45313
0.0714285714		20032				36859.0371099999
0.095959596		28376				219587.76757
0.06640625		21944				133167.86133
0.0710659898		21312				207039.10938
0.0643564356		22368				244149.57812
0.0710659898		21944				67731.7363300002
0.0351758794		20256				56090.4003899996
0.04		21576				146112.01563
0.1191709845		20352				61114.4941400001
0.0717948718		21488				52715.27734
0.04		20784				30330.6543000001
0.0101010101		22648				47282.5097599998
0.0406091371		21712				28472.1464900002
0.03		26896				89036.5683599999
0.0419847328		24128				37075.34375
0.0252525253		16296				65112.2695299997
0.0303030303		21752				45953.15234
0.041025641		23616				117641.4043
0.0245098039		22456				48.8300800002
0		21312				1.90429
0.0348258706		21240				3.2636799999
0.1641791045		22200				0.9492199998
0.0049751244		22984				6.2128900001
0		19568				0.8203100003
0.005		11088				0.68554
0.004950495		21136				75.9042999996
0.01		29088				0.6855500001
0		23432				0.8203100003
0.0049751244		22736				0.6855500001
0.0049751244		24832				0.8203099999
0		22544				0.6855500001
0.004950495		23264				1.90429
0.0049751244		21592				0.6855500001
0.0049751244		23056				0.8203099999
0		22296				0.6855500001
0.0049751244		21152				0.8203099999
0.0049261084		22456				0.6855500001
0		21928				1.9043000001
0		24408				0.68554